; FBX 6.1.0 project file
; ----------------------------------------------------

FBXHeaderExtension:  {
	FBXHeaderVersion: 1003
	FBXVersion: 6100
	CreationTimeStamp:  {
		Version: 1000
		Year: 2021
		Month: 08
		Day: 23
		Hour: 15
		Minute: 12
		Second: 12
		Millisecond: 0
	}
	Creator: "FBX SDK/FBX Plugins build 20070228"
	OtherFlags:  {
		FlagPLE: 0
	}
}
CreationTime: "2021-08-23 15:12:12:000"
; Object definitions
;------------------------------------------------------------------

Definitions:  {
	Version: 100
	Count: 49
	ObjectType: "Model" {
		Count: 48
	}
	ObjectType: "Geometry" {
		Count: 0
	}
	ObjectType: "Pose" {
		Count: 1
	}
	ObjectType: "GlobalSettings" {
		Count: 1
	}
}

; Object properties
;------------------------------------------------------------------

Objects:  {
	Model: "Model::WolfPolyRig", "Limb" {
		Version: 232
		Properties60:  {
			Property: "QuaternionInterpolate", "bool", "",0
			Property: "Visibility", "Visibility", "A+",1
			Property: "Lcl Translation", "Lcl Translation", "A+",0.000000000000000,0.000000000000000,0.000000000000000
			Property: "Lcl Rotation", "Lcl Rotation", "A+",0.000002504478065,-0.000000000000000,0.000000000000000
			Property: "Lcl Scaling", "Lcl Scaling", "A+",1.000000000000000,1.000000000000000,1.000000000000000
		}
		MultiLayer: 0
		MultiTake: 1
		Shading: Y
		Culling: "CullingOff"
		TypeFlags: "Skeleton"
	}
	Model: "Model::root", "Limb" {
		Version: 232
		Properties60:  {
			Property: "QuaternionInterpolate", "bool", "",0
			Property: "Visibility", "Visibility", "A+",1
			Property: "Lcl Translation", "Lcl Translation", "A+",0.000000000000000,0.000000000000000,0.000000000000000
			Property: "Lcl Rotation", "Lcl Rotation", "A+",0.000000000000000,-0.000000000000000,89.999988843970513
			Property: "Lcl Scaling", "Lcl Scaling", "A+",0.999999940395355,1.000000000000000,1.000000000000000
		}
		MultiLayer: 0
		MultiTake: 1
		Shading: Y
		Culling: "CullingOff"
		TypeFlags: "Skeleton"
	}
	Model: "Model::B-hips", "Limb" {
		Version: 232
		Properties60:  {
			Property: "QuaternionInterpolate", "bool", "",0
			Property: "Visibility", "Visibility", "A+",1
			Property: "Lcl Translation", "Lcl Translation", "A+",74.000686645507812,0.000005586896350,-30.181310653686523
			Property: "Lcl Rotation", "Lcl Rotation", "A+",0.000036005512323,-81.013795820942789,179.999977687941026
			Property: "Lcl Scaling", "Lcl Scaling", "A+",1.000000238418579,1.000000000000000,1.000000119209290
		}
		MultiLayer: 0
		MultiTake: 1
		Shading: Y
		Culling: "CullingOff"
		TypeFlags: "Skeleton"
	}
	Model: "Model::B-tail01", "Limb" {
		Version: 232
		Properties60:  {
			Property: "QuaternionInterpolate", "bool", "",0
			Property: "Visibility", "Visibility", "A+",1
			Property: "Lcl Translation", "Lcl Translation", "A+",-14.908467292785645,-0.000000749455467,2.490814208984375
			Property: "Lcl Rotation", "Lcl Rotation", "A+",0.000018554629318,166.778848813458040,0.000010801633504
			Property: "Lcl Scaling", "Lcl Scaling", "A+",1.000000000000000,1.000000000000000,0.999998629093170
		}
		MultiLayer: 0
		MultiTake: 1
		Shading: Y
		Culling: "CullingOff"
		TypeFlags: "Skeleton"
	}
	Model: "Model::B-tail02", "Limb" {
		Version: 232
		Properties60:  {
			Property: "QuaternionInterpolate", "bool", "",0
			Property: "Visibility", "Visibility", "A+",1
			Property: "Lcl Translation", "Lcl Translation", "A+",10.669137954711914,0.000000805496938,-0.000008106231689
			Property: "Lcl Rotation", "Lcl Rotation", "A+",-0.000000277625987,3.463353073138713,-0.000000531504070
			Property: "Lcl Scaling", "Lcl Scaling", "A+",1.000000000000000,1.000000000000000,1.000000000000000
		}
		MultiLayer: 0
		MultiTake: 1
		Shading: Y
		Culling: "CullingOff"
		TypeFlags: "Skeleton"
	}
	Model: "Model::B-tail03", "Limb" {
		Version: 232
		Properties60:  {
			Property: "QuaternionInterpolate", "bool", "",0
			Property: "Visibility", "Visibility", "A+",1
			Property: "Lcl Translation", "Lcl Translation", "A+",13.657530784606934,0.000001031114607,-0.000002682209015
			Property: "Lcl Rotation", "Lcl Rotation", "A+",-0.000000178737288,2.275803450075935,-0.000000347231739
			Property: "Lcl Scaling", "Lcl Scaling", "A+",0.999999940395355,1.000000000000000,0.999999940395355
		}
		MultiLayer: 0
		MultiTake: 1
		Shading: Y
		Culling: "CullingOff"
		TypeFlags: "Skeleton"
	}
	Model: "Model::B-tail04", "Limb" {
		Version: 232
		Properties60:  {
			Property: "QuaternionInterpolate", "bool", "",0
			Property: "Visibility", "Visibility", "A+",1
			Property: "Lcl Translation", "Lcl Translation", "A+",13.522443771362305,0.000001020914624,0.000002384185791
			Property: "Lcl Rotation", "Lcl Rotation", "A+",-0.000000331605293,4.092362909607443,-0.000000630039130
			Property: "Lcl Scaling", "Lcl Scaling", "A+",1.000000000000000,1.000000000000000,0.999999940395355
		}
		MultiLayer: 0
		MultiTake: 1
		Shading: Y
		Culling: "CullingOff"
		TypeFlags: "Skeleton"
	}
	Model: "Model::B-tail05", "Limb" {
		Version: 232
		Properties60:  {
			Property: "QuaternionInterpolate", "bool", "",0
			Property: "Visibility", "Visibility", "A+",1
			Property: "Lcl Translation", "Lcl Translation", "A+",14.510432243347168,0.000001095507514,-0.000007629394531
			Property: "Lcl Rotation", "Lcl Rotation", "A+",-0.000000195540871,2.480959921184609,-0.000000378906476
			Property: "Lcl Scaling", "Lcl Scaling", "A+",1.000000000000000,1.000000000000000,1.000000000000000
		}
		MultiLayer: 0
		MultiTake: 1
		Shading: Y
		Culling: "CullingOff"
		TypeFlags: "Skeleton"
	}
	Model: "Model::B-thigh01_R", "Limb" {
		Version: 232
		Properties60:  {
			Property: "QuaternionInterpolate", "bool", "",0
			Property: "Visibility", "Visibility", "A+",1
			Property: "Lcl Translation", "Lcl Translation", "A+",2.583728075027466,-15.025711059570312,-5.535233020782471
			Property: "Lcl Rotation", "Lcl Rotation", "A+",179.999841084157623,88.081026706090682,-0.000155019452707
			Property: "Lcl Scaling", "Lcl Scaling", "A+",0.999999761581421,1.000000000000000,1.000000000000000
		}
		MultiLayer: 0
		MultiTake: 1
		Shading: Y
		Culling: "CullingOff"
		TypeFlags: "Skeleton"
	}
	Model: "Model::B-shin01_R", "Limb" {
		Version: 232
		Properties60:  {
			Property: "QuaternionInterpolate", "bool", "",0
			Property: "Visibility", "Visibility", "A+",1
			Property: "Lcl Translation", "Lcl Translation", "A+",22.622207641601562,0.000001091978447,-0.000001211087465
			Property: "Lcl Rotation", "Lcl Rotation", "A+",0.000014177770824,-25.444903281078389,0.000000043505752
			Property: "Lcl Scaling", "Lcl Scaling", "A+",1.000000000000000,1.000000000000000,1.000000000000000
		}
		MultiLayer: 0
		MultiTake: 1
		Shading: Y
		Culling: "CullingOff"
		TypeFlags: "Skeleton"
	}
	Model: "Model::B-shin02_R", "Limb" {
		Version: 232
		Properties60:  {
			Property: "QuaternionInterpolate", "bool", "",0
			Property: "Visibility", "Visibility", "A+",1
			Property: "Lcl Translation", "Lcl Translation", "A+",29.293504714965820,0.000003051547537,0.000000232285174
			Property: "Lcl Rotation", "Lcl Rotation", "A+",0.000676008843393,37.236992656656682,-0.000012855213747
			Property: "Lcl Scaling", "Lcl Scaling", "A+",0.999999940395355,1.000000000000000,1.000000000000000
		}
		MultiLayer: 0
		MultiTake: 1
		Shading: Y
		Culling: "CullingOff"
		TypeFlags: "Skeleton"
	}
	Model: "Model::B-hindPaw_R", "Limb" {
		Version: 232
		Properties60:  {
			Property: "QuaternionInterpolate", "bool", "",0
			Property: "Visibility", "Visibility", "A+",1
			Property: "Lcl Translation", "Lcl Translation", "A+",15.022817611694336,0.000000618943432,0.000005969239282
			Property: "Lcl Rotation", "Lcl Rotation", "A+",-0.001399278518739,60.370676035821958,-0.001224575711698
			Property: "Lcl Scaling", "Lcl Scaling", "A+",0.999999940395355,1.000000000000000,0.999999940395355
		}
		MultiLayer: 0
		MultiTake: 1
		Shading: Y
		Culling: "CullingOff"
		TypeFlags: "Skeleton"
	}
	Model: "Model::B-hindToe02_R", "Limb" {
		Version: 232
		Properties60:  {
			Property: "QuaternionInterpolate", "bool", "",0
			Property: "Visibility", "Visibility", "A+",1
			Property: "Lcl Translation", "Lcl Translation", "A+",8.747047424316406,0.000001043883231,-0.000000721303422
			Property: "Lcl Rotation", "Lcl Rotation", "A+",179.999240027510666,10.157837696834504,0.000114650651712
			Property: "Lcl Scaling", "Lcl Scaling", "A+",1.000000000000000,1.000000000000000,0.999999940395355
		}
		MultiLayer: 0
		MultiTake: 1
		Shading: Y
		Culling: "CullingOff"
		TypeFlags: "Skeleton"
	}
	Model: "Model::B-hindToe01_R", "Limb" {
		Version: 232
		Properties60:  {
			Property: "QuaternionInterpolate", "bool", "",0
			Property: "Visibility", "Visibility", "A+",1
			Property: "Lcl Translation", "Lcl Translation", "A+",8.747055053710938,-3.440784454345703,-0.000002761998076
			Property: "Lcl Rotation", "Lcl Rotation", "A+",169.212581818513485,3.480526089702804,-21.531954499928112
			Property: "Lcl Scaling", "Lcl Scaling", "A+",1.000000119209290,0.999999880790710,1.000000000000000
		}
		MultiLayer: 0
		MultiTake: 1
		Shading: Y
		Culling: "CullingOff"
		TypeFlags: "Skeleton"
	}
	Model: "Model::B-hindToe03_R", "Limb" {
		Version: 232
		Properties60:  {
			Property: "QuaternionInterpolate", "bool", "",0
			Property: "Visibility", "Visibility", "A+",1
			Property: "Lcl Translation", "Lcl Translation", "A+",8.747055053710938,4.415659904479980,-0.000004635076948
			Property: "Lcl Rotation", "Lcl Rotation", "A+",-177.797419265533506,3.635738296609713,13.638778720529386
			Property: "Lcl Scaling", "Lcl Scaling", "A+",0.999999940395355,1.000000000000000,1.000000119209290
		}
		MultiLayer: 0
		MultiTake: 1
		Shading: Y
		Culling: "CullingOff"
		TypeFlags: "Skeleton"
	}
	Model: "Model::B-thigh01_L", "Limb" {
		Version: 232
		Properties60:  {
			Property: "QuaternionInterpolate", "bool", "",0
			Property: "Visibility", "Visibility", "A+",1
			Property: "Lcl Translation", "Lcl Translation", "A+",2.583725690841675,15.025711059570312,-5.535237789154053
			Property: "Lcl Rotation", "Lcl Rotation", "A+",179.999841084157623,88.081026706090682,-0.000155019465735
			Property: "Lcl Scaling", "Lcl Scaling", "A+",0.999999761581421,1.000000000000000,1.000000000000000
		}
		MultiLayer: 0
		MultiTake: 1
		Shading: Y
		Culling: "CullingOff"
		TypeFlags: "Skeleton"
	}
	Model: "Model::B-shin01_L", "Limb" {
		Version: 232
		Properties60:  {
			Property: "QuaternionInterpolate", "bool", "",0
			Property: "Visibility", "Visibility", "A+",1
			Property: "Lcl Translation", "Lcl Translation", "A+",22.622209548950195,0.000001091979811,-0.000000696260997
			Property: "Lcl Rotation", "Lcl Rotation", "A+",-0.000012773163782,-25.444896450889217,-0.000000817323472
			Property: "Lcl Scaling", "Lcl Scaling", "A+",1.000000119209290,1.000000000000000,1.000000000000000
		}
		MultiLayer: 0
		MultiTake: 1
		Shading: Y
		Culling: "CullingOff"
		TypeFlags: "Skeleton"
	}
	Model: "Model::B-shin02_L", "Limb" {
		Version: 232
		Properties60:  {
			Property: "QuaternionInterpolate", "bool", "",0
			Property: "Visibility", "Visibility", "A+",1
			Property: "Lcl Translation", "Lcl Translation", "A+",29.293506622314453,0.000002712362402,-0.000001675063686
			Property: "Lcl Rotation", "Lcl Rotation", "A+",-0.000683033924740,37.236992656656682,0.000008767312869
			Property: "Lcl Scaling", "Lcl Scaling", "A+",1.000000000000000,1.000000000000000,1.000000000000000
		}
		MultiLayer: 0
		MultiTake: 1
		Shading: Y
		Culling: "CullingOff"
		TypeFlags: "Skeleton"
	}
	Model: "Model::B-hindPaw_L", "Limb" {
		Version: 232
		Properties60:  {
			Property: "QuaternionInterpolate", "bool", "",0
			Property: "Visibility", "Visibility", "A+",1
			Property: "Lcl Translation", "Lcl Translation", "A+",15.022815704345703,0.000002575561211,-0.000000766114681
			Property: "Lcl Rotation", "Lcl Rotation", "A+",0.001385529136164,60.370682866011130,0.001218000758326
			Property: "Lcl Scaling", "Lcl Scaling", "A+",1.000000119209290,1.000000000000000,1.000000000000000
		}
		MultiLayer: 0
		MultiTake: 1
		Shading: Y
		Culling: "CullingOff"
		TypeFlags: "Skeleton"
	}
	Model: "Model::B-hindToe02_L", "Limb" {
		Version: 232
		Properties60:  {
			Property: "QuaternionInterpolate", "bool", "",0
			Property: "Visibility", "Visibility", "A+",1
			Property: "Lcl Translation", "Lcl Translation", "A+",8.747045516967773,-0.000000141175462,0.000000947588205
			Property: "Lcl Rotation", "Lcl Rotation", "A+",-179.999240027510666,10.157835135513565,-0.000095311622090
			Property: "Lcl Scaling", "Lcl Scaling", "A+",0.999999821186066,1.000000000000000,0.999999880790710
		}
		MultiLayer: 0
		MultiTake: 1
		Shading: Y
		Culling: "CullingOff"
		TypeFlags: "Skeleton"
	}
	Model: "Model::B-hindToe01_L", "Limb" {
		Version: 232
		Properties60:  {
			Property: "QuaternionInterpolate", "bool", "",0
			Property: "Visibility", "Visibility", "A+",1
			Property: "Lcl Translation", "Lcl Translation", "A+",8.747053146362305,3.440785169601440,-0.000001093097580
			Property: "Lcl Rotation", "Lcl Rotation", "A+",-169.212595478891842,3.480528651023743,21.531961330117284
			Property: "Lcl Scaling", "Lcl Scaling", "A+",1.000000119209290,0.999999940395355,1.000000000000000
		}
		MultiLayer: 0
		MultiTake: 1
		Shading: Y
		Culling: "CullingOff"
		TypeFlags: "Skeleton"
	}
	Model: "Model::B-hindToe03_L", "Limb" {
		Version: 232
		Properties60:  {
			Property: "QuaternionInterpolate", "bool", "",0
			Property: "Visibility", "Visibility", "A+",1
			Property: "Lcl Translation", "Lcl Translation", "A+",8.747054100036621,-4.415657997131348,-0.000002966196462
			Property: "Lcl Rotation", "Lcl Rotation", "A+",177.797405605155149,3.635849714070548,-13.638724932789673
			Property: "Lcl Scaling", "Lcl Scaling", "A+",0.999999642372131,1.000000000000000,0.999999940395355
		}
		MultiLayer: 0
		MultiTake: 1
		Shading: Y
		Culling: "CullingOff"
		TypeFlags: "Skeleton"
	}
	Model: "Model::B-spine01", "Limb" {
		Version: 232
		Properties60:  {
			Property: "QuaternionInterpolate", "bool", "",0
			Property: "Visibility", "Visibility", "A+",1
			Property: "Lcl Translation", "Lcl Translation", "A+",18.494293212890625,0.000001396280936,-0.000004410743713
			Property: "Lcl Rotation", "Lcl Rotation", "A+",0.000000019340932,-0.257339756697731,0.000000038813727
			Property: "Lcl Scaling", "Lcl Scaling", "A+",1.000000000000000,1.000000000000000,1.000000000000000
		}
		MultiLayer: 0
		MultiTake: 1
		Shading: Y
		Culling: "CullingOff"
		TypeFlags: "Skeleton"
	}
	Model: "Model::B-spine02", "Limb" {
		Version: 232
		Properties60:  {
			Property: "QuaternionInterpolate", "bool", "",0
			Property: "Visibility", "Visibility", "A+",1
			Property: "Lcl Translation", "Lcl Translation", "A+",20.074516296386719,0.000001515584131,0.000003933906555
			Property: "Lcl Rotation", "Lcl Rotation", "A+",0.000000754941548,-12.634163761554090,0.000001831899551
			Property: "Lcl Scaling", "Lcl Scaling", "A+",0.999999821186066,1.000000000000000,0.999999880790710
		}
		MultiLayer: 0
		MultiTake: 1
		Shading: Y
		Culling: "CullingOff"
		TypeFlags: "Skeleton"
	}
	Model: "Model::B-spine03", "Limb" {
		Version: 232
		Properties60:  {
			Property: "QuaternionInterpolate", "bool", "",0
			Property: "Visibility", "Visibility", "A+",1
			Property: "Lcl Translation", "Lcl Translation", "A+",18.310995101928711,0.000001382442633,-0.000005006790161
			Property: "Lcl Rotation", "Lcl Rotation", "A+",-0.000000173493024,2.211472459604616,-0.000000337313218
			Property: "Lcl Scaling", "Lcl Scaling", "A+",1.000000000000000,1.000000000000000,0.999999940395355
		}
		MultiLayer: 0
		MultiTake: 1
		Shading: Y
		Culling: "CullingOff"
		TypeFlags: "Skeleton"
	}
	Model: "Model::B-shoulder_R", "Limb" {
		Version: 232
		Properties60:  {
			Property: "QuaternionInterpolate", "bool", "",0
			Property: "Visibility", "Visibility", "A+",1
			Property: "Lcl Translation", "Lcl Translation", "A+",5.261094093322754,-4.364621162414551,6.998280525207520
			Property: "Lcl Rotation", "Lcl Rotation", "A+",0.022546812968410,14.161295875997427,-90.427504044499344
			Property: "Lcl Scaling", "Lcl Scaling", "A+",1.000000119209290,1.000000000000000,1.000000000000000
		}
		MultiLayer: 0
		MultiTake: 1
		Shading: Y
		Culling: "CullingOff"
		TypeFlags: "Skeleton"
	}
	Model: "Model::B-upperArm_R", "Limb" {
		Version: 232
		Properties60:  {
			Property: "QuaternionInterpolate", "bool", "",0
			Property: "Visibility", "Visibility", "A+",1
			Property: "Lcl Translation", "Lcl Translation", "A+",13.955107688903809,-0.466205716133118,-7.744080543518066
			Property: "Lcl Rotation", "Lcl Rotation", "A+",61.794777307956743,73.882648025542011,-28.726109082874874
			Property: "Lcl Scaling", "Lcl Scaling", "A+",1.000000000000000,0.999999940395355,0.999999940395355
		}
		MultiLayer: 0
		MultiTake: 1
		Shading: Y
		Culling: "CullingOff"
		TypeFlags: "Skeleton"
	}
	Model: "Model::B-foreArm_R", "Limb" {
		Version: 232
		Properties60:  {
			Property: "QuaternionInterpolate", "bool", "",0
			Property: "Visibility", "Visibility", "A+",1
			Property: "Lcl Translation", "Lcl Translation", "A+",26.601619720458984,0.000002596058948,-0.000000714053385
			Property: "Lcl Rotation", "Lcl Rotation", "A+",0.001364310067947,6.388157256166918,-0.000002829903057
			Property: "Lcl Scaling", "Lcl Scaling", "A+",1.000000119209290,1.000000000000000,1.000000000000000
		}
		MultiLayer: 0
		MultiTake: 1
		Shading: Y
		Culling: "CullingOff"
		TypeFlags: "Skeleton"
	}
	Model: "Model::B-foreWrist_R", "Limb" {
		Version: 232
		Properties60:  {
			Property: "QuaternionInterpolate", "bool", "",0
			Property: "Visibility", "Visibility", "A+",1
			Property: "Lcl Translation", "Lcl Translation", "A+",24.250846862792969,0.000003023383670,-0.000002216547728
			Property: "Lcl Rotation", "Lcl Rotation", "A+",-0.001122924954467,0.221686662818205,-0.000004056648188
			Property: "Lcl Scaling", "Lcl Scaling", "A+",0.999999880790710,1.000000000000000,0.999999880790710
		}
		MultiLayer: 0
		MultiTake: 1
		Shading: Y
		Culling: "CullingOff"
		TypeFlags: "Skeleton"
	}
	Model: "Model::B-forePaw_R", "Limb" {
		Version: 232
		Properties60:  {
			Property: "QuaternionInterpolate", "bool", "",0
			Property: "Visibility", "Visibility", "A+",1
			Property: "Lcl Translation", "Lcl Translation", "A+",9.017580986022949,0.000000551302435,0.000000075786375
			Property: "Lcl Rotation", "Lcl Rotation", "A+",-0.000627284339919,63.820392849726176,-0.000563032870459
			Property: "Lcl Scaling", "Lcl Scaling", "A+",1.000000000000000,1.000000000000000,1.000000000000000
		}
		MultiLayer: 0
		MultiTake: 1
		Shading: Y
		Culling: "CullingOff"
		TypeFlags: "Skeleton"
	}
	Model: "Model::B-foreToe02_R", "Limb" {
		Version: 232
		Properties60:  {
			Property: "QuaternionInterpolate", "bool", "",0
			Property: "Visibility", "Visibility", "A+",1
			Property: "Lcl Translation", "Lcl Translation", "A+",8.388734817504883,0.000001340376230,-0.000001131464387
			Property: "Lcl Rotation", "Lcl Rotation", "A+",-179.822283486494229,9.595847170605724,0.000008712760809
			Property: "Lcl Scaling", "Lcl Scaling", "A+",1.000000238418579,0.999999940395355,0.999999940395355
		}
		MultiLayer: 0
		MultiTake: 1
		Shading: Y
		Culling: "CullingOff"
		TypeFlags: "Skeleton"
	}
	Model: "Model::B-foreToe01_R", "Limb" {
		Version: 232
		Properties60:  {
			Property: "QuaternionInterpolate", "bool", "",0
			Property: "Visibility", "Visibility", "A+",1
			Property: "Lcl Translation", "Lcl Translation", "A+",8.388739585876465,-4.122217655181885,-0.000002192916554
			Property: "Lcl Rotation", "Lcl Rotation", "A+",175.114124808584478,0.404906580685027,-11.439030920965315
			Property: "Lcl Scaling", "Lcl Scaling", "A+",1.000000000000000,0.999999940395355,1.000000119209290
		}
		MultiLayer: 0
		MultiTake: 1
		Shading: Y
		Culling: "CullingOff"
		TypeFlags: "Skeleton"
	}
	Model: "Model::B-foreToe03_R", "Limb" {
		Version: 232
		Properties60:  {
			Property: "QuaternionInterpolate", "bool", "",0
			Property: "Visibility", "Visibility", "A+",1
			Property: "Lcl Translation", "Lcl Translation", "A+",8.388737678527832,4.685969829559326,-0.000001724202775
			Property: "Lcl Rotation", "Lcl Rotation", "A+",-178.361469947570669,0.411301318615015,5.317299280639525
			Property: "Lcl Scaling", "Lcl Scaling", "A+",0.999999940395355,0.999999940395355,0.999999940395355
		}
		MultiLayer: 0
		MultiTake: 1
		Shading: Y
		Culling: "CullingOff"
		TypeFlags: "Skeleton"
	}
	Model: "Model::B-shoulder_L", "Limb" {
		Version: 232
		Properties60:  {
			Property: "QuaternionInterpolate", "bool", "",0
			Property: "Visibility", "Visibility", "A+",1
			Property: "Lcl Translation", "Lcl Translation", "A+",5.261093616485596,4.364624023437500,6.998279094696045
			Property: "Lcl Rotation", "Lcl Rotation", "A+",-0.022550443173933,14.161316366564938,90.427504044499344
			Property: "Lcl Scaling", "Lcl Scaling", "A+",1.000000119209290,1.000000000000000,0.999999940395355
		}
		MultiLayer: 0
		MultiTake: 1
		Shading: Y
		Culling: "CullingOff"
		TypeFlags: "Skeleton"
	}
	Model: "Model::B-upperArm_L", "Limb" {
		Version: 232
		Properties60:  {
			Property: "QuaternionInterpolate", "bool", "",0
			Property: "Visibility", "Visibility", "A+",1
			Property: "Lcl Translation", "Lcl Translation", "A+",13.955107688903809,0.466207474470139,-7.744076728820801
			Property: "Lcl Rotation", "Lcl Rotation", "A+",-61.794777307956743,73.882627534974503,28.726102252685703
			Property: "Lcl Scaling", "Lcl Scaling", "A+",0.999999821186066,0.999999880790710,0.999999761581421
		}
		MultiLayer: 0
		MultiTake: 1
		Shading: Y
		Culling: "CullingOff"
		TypeFlags: "Skeleton"
	}
	Model: "Model::B-foreArm_L", "Limb" {
		Version: 232
		Properties60:  {
			Property: "QuaternionInterpolate", "bool", "",0
			Property: "Visibility", "Visibility", "A+",1
			Property: "Lcl Translation", "Lcl Translation", "A+",26.601608276367188,0.000000839551831,-0.000001455192887
			Property: "Lcl Rotation", "Lcl Rotation", "A+",-0.001367826673217,6.388161098148326,0.000003614469869
			Property: "Lcl Scaling", "Lcl Scaling", "A+",0.999999940395355,1.000000000000000,1.000000000000000
		}
		MultiLayer: 0
		MultiTake: 1
		Shading: Y
		Culling: "CullingOff"
		TypeFlags: "Skeleton"
	}
	Model: "Model::B-foreWrist_L", "Limb" {
		Version: 232
		Properties60:  {
			Property: "QuaternionInterpolate", "bool", "",0
			Property: "Visibility", "Visibility", "A+",1
			Property: "Lcl Translation", "Lcl Translation", "A+",24.250850677490234,0.000000562931973,0.000002227840014
			Property: "Lcl Rotation", "Lcl Rotation", "A+",0.001122900358449,0.221683247723620,0.000005764335527
			Property: "Lcl Scaling", "Lcl Scaling", "A+",0.999999880790710,1.000000000000000,0.999999880790710
		}
		MultiLayer: 0
		MultiTake: 1
		Shading: Y
		Culling: "CullingOff"
		TypeFlags: "Skeleton"
	}
	Model: "Model::B-forePaw_L", "Limb" {
		Version: 232
		Properties60:  {
			Property: "QuaternionInterpolate", "bool", "",0
			Property: "Visibility", "Visibility", "A+",1
			Property: "Lcl Translation", "Lcl Translation", "A+",9.017583847045898,0.000000718266733,-0.000000842643203
			Property: "Lcl Rotation", "Lcl Rotation", "A+",0.000609730860057,63.820392849726176,0.000550146589257
			Property: "Lcl Scaling", "Lcl Scaling", "A+",0.999999940395355,1.000000000000000,1.000000000000000
		}
		MultiLayer: 0
		MultiTake: 1
		Shading: Y
		Culling: "CullingOff"
		TypeFlags: "Skeleton"
	}
	Model: "Model::B-foreToe02_L", "Limb" {
		Version: 232
		Properties60:  {
			Property: "QuaternionInterpolate", "bool", "",0
			Property: "Visibility", "Visibility", "A+",1
			Property: "Lcl Translation", "Lcl Translation", "A+",8.388735771179199,-0.000000387659497,-0.000001496822620
			Property: "Lcl Rotation", "Lcl Rotation", "A+",179.822283486494229,9.595842901737493,0.000008710553453
			Property: "Lcl Scaling", "Lcl Scaling", "A+",0.999999821186066,0.999999940395355,1.000000000000000
		}
		MultiLayer: 0
		MultiTake: 1
		Shading: Y
		Culling: "CullingOff"
		TypeFlags: "Skeleton"
	}
	Model: "Model::B-foreToe01_L", "Limb" {
		Version: 232
		Properties60:  {
			Property: "QuaternionInterpolate", "bool", "",0
			Property: "Visibility", "Visibility", "A+",1
			Property: "Lcl Translation", "Lcl Translation", "A+",8.388739585876465,4.122217655181885,-0.000002763983048
			Property: "Lcl Rotation", "Lcl Rotation", "A+",-175.114001865179432,0.404905726911380,11.439003600208636
			Property: "Lcl Scaling", "Lcl Scaling", "A+",0.999999940395355,1.000000000000000,1.000000000000000
		}
		MultiLayer: 0
		MultiTake: 1
		Shading: Y
		Culling: "CullingOff"
		TypeFlags: "Skeleton"
	}
	Model: "Model::B-foreToe03_L", "Limb" {
		Version: 232
		Properties60:  {
			Property: "QuaternionInterpolate", "bool", "",0
			Property: "Visibility", "Visibility", "A+",1
			Property: "Lcl Translation", "Lcl Translation", "A+",8.388739585876465,-4.685968875885010,-0.000001888326096
			Property: "Lcl Rotation", "Lcl Rotation", "A+",178.361715834380789,0.411341926224065,-5.317347945737361
			Property: "Lcl Scaling", "Lcl Scaling", "A+",1.000000000000000,0.999999940395355,0.999999940395355
		}
		MultiLayer: 0
		MultiTake: 1
		Shading: Y
		Culling: "CullingOff"
		TypeFlags: "Skeleton"
	}
	Model: "Model::B-neck", "Limb" {
		Version: 232
		Properties60:  {
			Property: "QuaternionInterpolate", "bool", "",0
			Property: "Visibility", "Visibility", "A+",1
			Property: "Lcl Translation", "Lcl Translation", "A+",26.412570953369141,0.000001994093509,0.000006794929504
			Property: "Lcl Rotation", "Lcl Rotation", "A+",-0.000059177009984,-1.367323190225017,0.000061219345821
			Property: "Lcl Scaling", "Lcl Scaling", "A+",1.000000000000000,1.000000000000000,1.000000000000000
		}
		MultiLayer: 0
		MultiTake: 1
		Shading: Y
		Culling: "CullingOff"
		TypeFlags: "Skeleton"
	}
	Model: "Model::B-head", "Limb" {
		Version: 232
		Properties60:  {
			Property: "QuaternionInterpolate", "bool", "",0
			Property: "Visibility", "Visibility", "A+",1
			Property: "Lcl Translation", "Lcl Translation", "A+",14.547961235046387,0.000001098342182,0.000006675733403
			Property: "Lcl Rotation", "Lcl Rotation", "A+",0.000081380752689,10.423226404582261,-0.000077113701801
			Property: "Lcl Scaling", "Lcl Scaling", "A+",1.000000000000000,1.000000000000000,0.999999940395355
		}
		MultiLayer: 0
		MultiTake: 1
		Shading: Y
		Culling: "CullingOff"
		TypeFlags: "Skeleton"
	}
	Model: "Model::B-ear_L", "Limb" {
		Version: 232
		Properties60:  {
			Property: "QuaternionInterpolate", "bool", "",0
			Property: "Visibility", "Visibility", "A+",1
			Property: "Lcl Translation", "Lcl Translation", "A+",4.329491615295410,11.033182144165039,8.816519737243652
			Property: "Lcl Rotation", "Lcl Rotation", "A+",-93.456112375316195,-111.427808572265462,-53.938058517026555
			Property: "Lcl Scaling", "Lcl Scaling", "A+",1.000000238418579,1.000000119209290,1.000000000000000
		}
		MultiLayer: 0
		MultiTake: 1
		Shading: Y
		Culling: "CullingOff"
		TypeFlags: "Skeleton"
	}
	Model: "Model::B-ear_R", "Limb" {
		Version: 232
		Properties60:  {
			Property: "QuaternionInterpolate", "bool", "",0
			Property: "Visibility", "Visibility", "A+",1
			Property: "Lcl Translation", "Lcl Translation", "A+",4.329503059387207,-11.033197402954102,8.816533088684082
			Property: "Lcl Rotation", "Lcl Rotation", "A+",93.456126035694524,-111.427740270373775,53.938082422688652
			Property: "Lcl Scaling", "Lcl Scaling", "A+",1.000000000000000,1.000000000000000,1.000000000000000
		}
		MultiLayer: 0
		MultiTake: 1
		Shading: Y
		Culling: "CullingOff"
		TypeFlags: "Skeleton"
	}
	Model: "Model::B-jaw", "Limb" {
		Version: 232
		Properties60:  {
			Property: "QuaternionInterpolate", "bool", "",0
			Property: "Visibility", "Visibility", "A+",1
			Property: "Lcl Translation", "Lcl Translation", "A+",9.905033111572266,-0.000028871299946,-6.273964881896973
			Property: "Lcl Rotation", "Lcl Rotation", "A+",-0.000118405348522,3.678188349188104,0.000100735122253
			Property: "Lcl Scaling", "Lcl Scaling", "A+",1.000000000000000,1.000000000000000,1.000000000000000
		}
		MultiLayer: 0
		MultiTake: 1
		Shading: Y
		Culling: "CullingOff"
		TypeFlags: "Skeleton"
	}
	Model: "Model::B-eyelid_L", "Limb" {
		Version: 232
		Properties60:  {
			Property: "QuaternionInterpolate", "bool", "",0
			Property: "Visibility", "Visibility", "A+",1
			Property: "Lcl Translation", "Lcl Translation", "A+",18.417791366577148,6.675205230712891,7.138664722442627
			Property: "Lcl Rotation", "Lcl Rotation", "A+",0.000377869799000,-82.637960164056125,179.999649838860876
			Property: "Lcl Scaling", "Lcl Scaling", "A+",1.000000000000000,1.000000000000000,0.999999940395355
		}
		MultiLayer: 0
		MultiTake: 1
		Shading: Y
		Culling: "CullingOff"
		TypeFlags: "Skeleton"
	}
	Model: "Model::B-eyelid_R", "Limb" {
		Version: 232
		Properties60:  {
			Property: "QuaternionInterpolate", "bool", "",0
			Property: "Visibility", "Visibility", "A+",1
			Property: "Lcl Translation", "Lcl Translation", "A+",18.417797088623047,-6.675209999084473,7.138673305511475
			Property: "Lcl Rotation", "Lcl Rotation", "A+",0.000377869799000,-82.637960164056125,179.999649838860876
			Property: "Lcl Scaling", "Lcl Scaling", "A+",1.000000000000000,1.000000000000000,0.999999940395355
		}
		MultiLayer: 0
		MultiTake: 1
		Shading: Y
		Culling: "CullingOff"
		TypeFlags: "Skeleton"
	}
	Pose: "Pose::BIND_POSES", "BindPose" {
		Type: "BindPose"
		Version: 100
		Properties60:  {
		}
		NbPoseNodes: 48
		PoseNode:  {
			Node: "Model::WolfPolyRig"
			Matrix: 1.000000000000000,0.000000000000000,0.000000000000000,0.000000000000000,0.000000000000000,1.000000000000000,0.000000043711388,0.000000000000000,0.000000000000000,-0.000000043711388,1.000000000000000,0.000000000000000,0.000000000000000,0.000000000000000,0.000000000000000,1.000000000000000
		}
		PoseNode:  {
			Node: "Model::root"
			Matrix: 0.000000075497901,0.999999940395355,0.000000043711385,0.000000000000000,-1.000000000000000,0.000000075497894,0.000000000000003,0.000000000000000,0.000000000000000,-0.000000043711388,1.000000000000000,0.000000000000000,0.000000000000000,0.000000000000000,0.000000000000000,1.000000000000000
		}
		PoseNode:  {
			Node: "Model::B-hips"
			Matrix: -0.000000075497901,-0.156196743249893,0.987726211547852,0.000000000000000,1.000000000000000,0.000000137349943,0.000000098156306,0.000000000000000,-0.000000150995817,0.987726032733917,0.156196594238281,0.000000000000000,0.000000000000000,74.000679016113281,-30.181306838989258,1.000000000000000
		}
		PoseNode:  {
			Node: "Model::B-tail01"
			Matrix: -0.000000075497894,-0.073846623301506,-0.997269809246063,0.000000000000000,1.000000000000000,-0.000000156158436,-0.000000064141190,0.000000000000000,-0.000000150995618,-0.997268259525299,0.073847025632858,0.000000000000000,-0.000000000000028,78.789573669433594,-44.517730712890625,1.000000000000000
		}
		PoseNode:  {
			Node: "Model::B-tail02"
			Matrix: -0.000000075497901,-0.013466664589942,-0.999909579753876,0.000000000000000,1.000000000000000,-0.000000151998449,-0.000000073457613,0.000000000000000,-0.000000150995604,-0.999908030033112,0.013466973789036,0.000000000000000,0.000000000000009,78.001693725585938,-55.157737731933594,1.000000000000000
		}
		PoseNode:  {
			Node: "Model::B-tail03"
			Matrix: -0.000000075497901,0.026250125840306,-0.999655663967133,0.000000000000000,1.000000000000000,-0.000000148961590,-0.000000079435509,0.000000000000000,-0.000000150995604,-0.999654114246368,-0.026249876245856,0.000000000000000,-0.000000000000015,77.817771911621094,-68.814033508300781,1.000000000000000
		}
		PoseNode:  {
			Node: "Model::B-tail04"
			Matrix: -0.000000075497901,0.097523003816605,-0.995233595371246,0.000000000000000,1.000000000000000,-0.000000142912938,-0.000000089863562,0.000000000000000,-0.000000150995618,-0.995231986045837,-0.097522862255573,0.000000000000000,-0.000000000000009,78.172737121582031,-82.331817626953125,1.000000000000000
		}
		PoseNode:  {
			Node: "Model::B-tail05"
			Matrix: -0.000000075497894,0.140512585639954,-0.990079283714294,0.000000000000000,1.000000000000000,-0.000000138889035,-0.000000095965675,0.000000000000000,-0.000000150995618,-0.990077614784241,-0.140512511134148,0.000000000000000,0.000000000000004,79.587844848632812,-96.773086547851562,1.000000000000000
		}
		PoseNode:  {
			Node: "Model::B-thigh01_R"
			Matrix: 0.000000057782835,-0.992402255535126,-0.123033620417118,0.000000000000000,-1.000000000000000,-0.000000055235958,-0.000000024110575,0.000000000000000,0.000000017131519,0.123033955693245,-0.992402613162994,0.000000000000000,-15.025710105895996,68.129814147949219,-28.493871688842773,1.000000000000000
		}
		PoseNode:  {
			Node: "Model::B-shin01_R"
			Matrix: 0.000000058852606,-0.843277454376221,-0.537478029727936,0.000000000000000,-1.000000000000000,0.000000078515910,-0.000000232685238,0.000000000000000,0.000000238418778,0.537478148937225,-0.843277931213379,0.000000000000000,-15.025710105895996,45.679481506347656,-31.277164459228516,1.000000000000000
		}
		PoseNode:  {
			Node: "Model::B-shin02_R"
			Matrix: 0.000000081209841,-0.996601462364197,0.082371309399605,0.000000000000000,-1.000000000000000,-0.000001082546191,-0.000012111764590,0.000000000000000,0.000012159774997,-0.082370892167091,-0.996601819992065,0.000000000000000,-15.025711059570312,20.976932525634766,-47.021778106689453,1.000000000000000
		}
		PoseNode:  {
			Node: "Model::B-hindPaw_R"
			Matrix: 0.000000036831644,-0.421106487512589,0.907011449337006,0.000000000000000,-1.000000000000000,-0.000000231753589,-0.000000066989969,0.000000000000000,0.000000238412213,-0.907010912895203,-0.421106278896332,0.000000000000000,-15.025711059570312,6.005169868469238,-45.784328460693359,1.000000000000000
		}
		PoseNode:  {
			Node: "Model::B-hindToe02_R"
			Matrix: -0.000001975458190,-0.254545062780380,0.967061042785645,0.000000000000000,1.000000000000000,-0.000013496581232,-0.000001509756771,0.000000000000000,0.000013436323570,0.967060565948486,0.254544764757156,0.000000000000000,-15.025711059570312,2.321730375289917,-37.850654602050781,1.000000000000000
		}
		PoseNode:  {
			Node: "Model::B-hindToe01_R"
			Matrix: 0.366342931985855,-0.335932493209839,0.867722868919373,0.000000000000000,0.917945086956024,-0.022075483575463,-0.396092653274536,0.000000000000000,0.152215793728828,0.941627025604248,0.300280034542084,0.000000000000000,-11.584925651550293,2.321730375289917,-37.850646972656250,1.000000000000000
		}
		PoseNode:  {
			Node: "Model::B-hindToe03_R"
			Matrix: -0.235325321555138,-0.350892394781113,0.906364560127258,0.000000000000000,0.971658349037170,-0.063434794545174,0.227719739079475,0.000000000000000,-0.022410076111555,0.934264481067657,0.355875104665756,0.000000000000000,-19.441370010375977,2.321730375289917,-37.850646972656250,1.000000000000000
		}
		PoseNode:  {
			Node: "Model::B-thigh01_L"
			Matrix: 0.000000057782820,-0.992402255535126,-0.123033620417118,0.000000000000000,-1.000000000000000,-0.000000055235972,-0.000000024110589,0.000000000000000,0.000000017131535,0.123033955693245,-0.992402613162994,0.000000000000000,15.025712013244629,68.129814147949219,-28.493871688842773,1.000000000000000
		}
		PoseNode:  {
			Node: "Model::B-shin01_L"
			Matrix: 0.000000072419539,-0.843277633190155,-0.537477970123291,0.000000000000000,-1.000000000000000,-0.000000189214603,0.000000162129467,0.000000000000000,-0.000000238418835,0.537478089332581,-0.843277990818024,0.000000000000000,15.025712013244629,45.679481506347656,-31.277164459228516,1.000000000000000
		}
		PoseNode:  {
			Node: "Model::B-shin02_L"
			Matrix: 0.000000080102033,-0.996601700782776,0.082371279597282,0.000000000000000,-1.000000000000000,0.000000921782998,0.000012125054127,0.000000000000000,-0.000012159777725,-0.082370981574059,-0.996601879596710,0.000000000000000,15.025712013244629,20.976926803588867,-47.021778106689453,1.000000000000000
		}
		PoseNode:  {
			Node: "Model::B-hindPaw_L"
			Matrix: 0.000000099658628,-0.421106487512589,0.907011568546295,0.000000000000000,-1.000000000000000,0.000000174279975,0.000000190787233,0.000000000000000,-0.000000238415851,-0.907011210918427,-0.421106278896332,0.000000000000000,15.025712013244629,6.005162239074707,-45.784328460693359,1.000000000000000
		}
		PoseNode:  {
			Node: "Model::B-hindToe02_L"
			Matrix: 0.000001777571015,-0.254545062780380,0.967061102390289,0.000000000000000,1.000000000000000,0.000013440932889,0.000001699739755,0.000000000000000,-0.000013430861145,0.967060863971710,0.254544824361801,0.000000000000000,15.025712013244629,2.321722984313965,-37.850654602050781,1.000000000000000
		}
		PoseNode:  {
			Node: "Model::B-hindToe01_L"
			Matrix: -0.366343110799789,-0.335932493209839,0.867722868919373,0.000000000000000,0.917944967746735,0.022075446322560,0.396092921495438,0.000000000000000,-0.152215793728828,0.941627383232117,0.300280094146729,0.000000000000000,11.584926605224609,2.321722984313965,-37.850646972656250,1.000000000000000
		}
		PoseNode:  {
			Node: "Model::B-hindToe03_L"
			Matrix: 0.235325112938881,-0.350892394781113,0.906364560127258,0.000000000000000,0.971658349037170,0.063434727489948,-0.227719575166702,0.000000000000000,0.022410085424781,0.934264659881592,0.355875134468079,0.000000000000000,19.441370010375977,2.321722984313965,-37.850646972656250,1.000000000000000
		}
		PoseNode:  {
			Node: "Model::B-spine01"
			Matrix: -0.000000075497901,-0.151758894324303,0.988417804241180,0.000000000000000,1.000000000000000,0.000000137789414,0.000000097538425,0.000000000000000,-0.000000150995817,0.988417625427246,0.151758745312691,0.000000000000000,0.000000000000000,71.111930847167969,-11.914004325866699,1.000000000000000
		}
		PoseNode:  {
			Node: "Model::B-spine02"
			Matrix: -0.000000075497901,0.068107470870018,0.997678160667419,0.000000000000000,1.000000000000000,0.000000155787177,0.000000065038655,0.000000000000000,-0.000000150995831,0.997678041458130,-0.068107664585114,0.000000000000000,0.000000000000007,68.065444946289062,7.928006172180176,1.000000000000000
		}
		PoseNode:  {
			Node: "Model::B-spine03"
			Matrix: -0.000000075497901,0.029558463022113,0.999563276767731,0.000000000000000,1.000000000000000,0.000000153161437,0.000000071001722,0.000000000000000,-0.000000150995817,0.999563097953796,-0.029558641836047,0.000000000000000,0.000000000000007,69.312561035156250,26.196487426757812,1.000000000000000
		}
		PoseNode:  {
			Node: "Model::B-shoulder_R"
			Matrix: -0.969583928585052,-0.244759574532509,0.000000340850704,0.000000000000000,-0.007557546254247,0.029938990250230,0.999523460865021,0.000000000000000,-0.244642883539200,0.969121515750885,-0.030878307297826,0.000000000000000,-4.364622592926025,76.463287353515625,31.248422622680664,1.000000000000000
		}
		PoseNode:  {
			Node: "Model::B-upperArm_R"
			Matrix: 0.000000075497908,-0.994609177112579,-0.103695422410965,0.000000000000000,-1.000000119209290,-0.000000045288562,-0.000000409228818,0.000000000000000,0.000000514090061,0.103695519268513,-0.994609355926514,0.000000000000000,-15.997211456298828,65.528724670410156,31.021570205688477,1.000000000000000
		}
		PoseNode:  {
			Node: "Model::B-foreArm_R"
			Matrix: 0.000000066914112,-0.999971210956573,0.007612177170813,0.000000000000000,-1.000000119209290,-0.000000275669436,-0.000024225369998,0.000000000000000,0.000024336499337,-0.007612057961524,-0.999971270561218,0.000000000000000,-15.997211456298828,39.070510864257812,28.263103485107422,1.000000000000000
		}
		PoseNode:  {
			Node: "Model::B-foreWrist_R"
			Matrix: 0.000000043553342,-0.999934256076813,0.011481161229312,0.000000000000000,-1.000000119209290,-0.000000121455344,-0.000004627380804,0.000000000000000,0.000004738110874,-0.011481041088700,-0.999934315681458,0.000000000000000,-15.997211456298828,14.820359230041504,28.447704315185547,1.000000000000000
		}
		PoseNode:  {
			Node: "Model::B-forePaw_R"
			Matrix: 0.000000102602669,-0.430854171514511,0.902421832084656,0.000000000000000,-1.000000119209290,-0.000000067713529,0.000000202508801,0.000000000000000,0.000000000000909,-0.902421712875366,-0.430854141712189,0.000000000000000,-15.997211456298828,5.803370952606201,28.551237106323242,1.000000000000000
		}
		PoseNode:  {
			Node: "Model::B-foreToe02_R"
